fx: 535.4
fy: 539.2
cx: 320.1
cy: 247.6

k1: 0.0
k2: 0.0
p1: 0.0
p2: 0.0

width: 640
height: 480